smile
15 15
255
background normal
255 255 255 255
255 255 255 255
255 255 255 255
255 255 253 255
254 255 255 255
255 255 255 255
254 255 255 255
255 255 255 255
255 255 255 255
255 255 255 255
255 255 255 0
255 255 255 0
255 255 255 0
255 255 255 0
255 255 255 0
255 255 255 255
255 255 255 255
255 255 255 255
253 253 253 255
11 1 0 255
11 1 0 255
253 253 253 255
255 255 255 255
255 255 253 255
255 255 255 255
255 255 255 0
255 255 255 0
255 255 255 0
255 255 255 0
255 255 255 0
255 255 255 255
254 255 255 255
234 228 20 255
255 228 0 255
255 228 0 255
255 229 0 255
255 228 0 255
234 227 15 255
255 255 255 255
255 255 255 255
255 255 255 0
255 255 255 0
255 255 255 0
255 255 255 0
255 255 255 0
254 254 254 255
253 253 253 255
255 228 0 255
1 2 4 255
254 227 0 255
253 229 0 255
1 1 11 255
255 229 2 255
254 254 254 255
255 255 255 255
255 255 255 0
255 255 255 0
255 255 255 0
255 255 255 0
255 255 255 0
255 254 255 255
10 0 0 255
255 228 0 255
0 2 1 255
255 228 0 255
255 228 0 255
1 1 1 255
255 229 0 255
11 2 0 255
255 255 255 255
255 255 255 0
255 255 255 0
255 255 255 0
255 255 255 0
255 255 255 0
255 255 255 255
10 0 0 255
0 0 0 255
255 228 0 255
255 228 0 255
255 228 1 255
254 227 0 255
0 0 0 255
12 1 0 255
255 255 255 255
255 255 255 0
255 255 255 0
255 255 255 0
255 255 255 0
255 255 255 0
255 255 255 255
253 253 253 255
255 228 0 255
255 226 2 255
255 228 0 255
255 227 0 255
254 226 5 255
253 229 0 255
254 254 254 255
255 255 255 255
255 255 255 0
255 255 255 0
255 255 255 0
255 255 255 0
255 255 255 0
255 255 255 255
255 255 255 255
233 226 14 255
255 228 0 255
5 1 2 255
4 0 1 255
255 228 0 255
240 231 12 255
255 255 255 255
255 255 255 255
255 255 255 0
255 255 255 0
255 255 255 0
255 255 255 0
255 255 255 0
255 255 255 255
255 255 253 255
255 255 255 255
253 253 253 255
10 1 0 255
12 1 0 255
252 252 252 255
254 254 254 255
255 255 255 255
255 255 255 255
255 255 255 0
255 255 255 0
255 255 255 0
255 255 255 0
255 255 255 0
255 255 255 255
255 255 255 255
255 255 255 255
255 255 255 255
255 255 255 255
255 255 255 255
255 255 255 255
255 255 253 255
255 255 255 255
255 255 255 255
255 255 255 0
255 255 255 0
255 255 255 0
255 255 255 0
255 255 255 0
255 255 255 0
255 255 255 0
255 255 255 0
255 255 255 0
255 255 255 0
255 255 255 0
255 255 255 0
255 255 255 0
255 255 255 0
255 255 255 0
255 255 255 0
255 255 255 0
255 255 255 0
255 255 255 0
255 255 255 0
255 255 255 0
255 255 255 0
255 255 255 0
255 255 255 0
255 255 255 0
255 255 255 0
255 255 255 0
255 255 255 0
255 255 255 0
255 255 255 0
255 255 255 0
255 255 255 0
255 255 255 0
255 255 255 0
255 255 255 0
255 255 255 0
255 255 255 0
255 255 255 0
255 255 255 0
255 255 255 0
255 255 255 0
255 255 255 0
255 255 255 0
255 255 255 0
255 255 255 0
255 255 255 0
255 255 255 0
255 255 255 0
255 255 255 0
255 255 255 0
255 255 255 0
255 255 255 0
255 255 255 0
255 255 255 0
255 255 255 0
255 255 255 0
255 255 255 0
255 255 255 0
255 255 255 0
255 255 255 0
255 255 255 0
255 255 255 0
255 255 255 0
255 255 255 0
255 255 255 0
255 255 255 0
255 255 255 0
255 255 255 0
255 255 255 0
255 255 255 0
255 255 255 0
255 255 255 0
255 255 255 0
255 255 255 0
255 255 255 0
255 255 255 0
255 255 255 0
255 255 255 0
255 255 255 0
255 255 255 0
